id,alter_bei_aufnahme,p,e,d,i,s,crp_wert_bei_aufnahme,lokalisationbackfoot,lokalisationfoot,lokalisationforefoot,dialyse,.outcome,pat_id,geschlecht,geburtsjahr,aufnahmedatum,pedis,lokalisation,behandlung,minor_amputation,major_amputation,endpunkt_erreicht,hash_id,no,yes
"Trainings
Daten",55,1,3,3,1,2,45.6,1,0,0,0,yes,,,,,,,,,,,,0.9654198920353035,0.03458010796469651
"Trainings
Daten",84,1,2,1,1,2,17.1,0,0,1,0,no,,,,,,,,,,,,0.9872899376214845,0.01271006237851549
"Trainings
Daten",74,1,1,2,1,2,9.5,0,0,1,0,no,,,,,,,,,,,,0.9811677134991582,0.01883228650084177
"Trainings
Daten",51,2,2,3,2,2,74.7,0,0,1,0,no,,,,,,,,,,,,0.9641164002386692,0.0358835997613308
"Trainings
Daten",75,2,2,1,1,2,53.8,0,0,1,0,no,,,,,,,,,,,,0.9836900772194594,0.016309922780540546
"Trainings
Daten",77,2,2,1,1,2,68.6,0,0,1,0,no,,,,,,,,,,,,0.9836690351397984,0.016330964860201597
"Trainings
Daten",63,1,2,2,1,2,56,0,0,1,0,no,,,,,,,,,,,,0.9826869768700435,0.017313023129956546
"Trainings
Daten",58,1,2,2,1,2,,0,0,1,0,no,,,,,,,,,,,,0.9814608477647088,0.01853915223529121
"Trainings
Daten",42,1,2,2,1,2,21.2,0,0,1,0,no,,,,,,,,,,,,0.9828910366773382,0.017108963322661794
"Trainings
Daten",62,1,2,2,1,2,2.5,0,0,1,0,no,,,,,,,,,,,,0.9827091567041627,0.017290843295837344
"Trainings
Daten",65,2,3,1,1,2,108.4,0,0,1,0,no,,,,,,,,,,,,0.9849991363192904,0.015000863680709613
"Trainings
Daten",57,1,2,2,1,2,148.7,0,0,1,0,no,,,,,,,,,,,,0.982720996912617,0.017279003087382942
"Trainings
Daten",84,1,2,2,1,2,,0,0,1,0,no,,,,,,,,,,,,0.9811983028584844,0.018801697141515545
"Trainings
Daten",74,2,2,2,1,2,73.1,0,0,1,0,no,,,,,,,,,,,,0.9775783648798607,0.022421635120139307
"Trainings
Daten",58,1,3,2,1,2,58,0,0,1,0,no,,,,,,,,,,,,0.984043633774392,0.015956366225608056
"Trainings
Daten",48,1,3,2,1,2,30.5,0,0,1,0,no,,,,,,,,,,,,0.9841359900296319,0.015864009970368104
"Trainings
Daten",69,1,3,1,2,2,264.2,0,0,1,0,no,,,,,,,,,,,,0.9861510591456786,0.013848940854321416
"Trainings
Daten",77,1,3,2,1,2,135.6,0,0,1,1,no,,,,,,,,,,,,0.927700843607905,0.07229915639209501
"Trainings
Daten",75,1,2,3,3,2,174.9,0,0,1,0,no,,,,,,,,,,,,0.9664878102577554,0.033512189742244604
"Trainings
Daten",91,2,3,2,1,2,9.3,0,0,1,0,no,,,,,,,,,,,,0.9790989666808055,0.02090103331919448
"Trainings
Daten",67,2,3,2,1,2,38.1,0,0,1,0,no,,,,,,,,,,,,0.9793597529859317,0.020640247014068292
"Trainings
Daten",73,1,3,2,1,2,126.2,0,0,1,0,no,,,,,,,,,,,,0.9838980957359043,0.016101904264095777
"Trainings
Daten",68,1,3,1,2,2,50.9,0,0,1,0,no,,,,,,,,,,,,0.9861995223211867,0.013800477678813334
"Trainings
Daten",74,2,2,2,2,2,10.1,0,0,1,0,no,,,,,,,,,,,,0.9735045478664294,0.02649545213357065
"Trainings
Daten",65,1,3,1,1,1,3.7,0,0,1,0,no,,,,,,,,,,,,0.9771340199463616,0.02286598005363839
"Trainings
Daten",45,1,3,2,2,2,79.8,0,1,0,0,no,,,,,,,,,,,,0.897573005476088,0.10242699452391203
"Trainings
Daten",63,1,3,3,1,2,102.6,0,1,0,0,no,,,,,,,,,,,,0.881587275191527,0.118412724808473
"Trainings
Daten",54,1,3,2,2,2,,0,0,1,0,no,,,,,,,,,,,,0.9797591747972022,0.020240825202797803
"Trainings
Daten",59,1,3,2,1,2,49.8,0,0,1,0,no,,,,,,,,,,,,0.9840367913710711,0.015963208628928888
"Trainings
Daten",67,1,3,3,2,2,200.6,0,0,1,0,no,,,,,,,,,,,,0.9738668436353559,0.026133156364644045
"Trainings
Daten",78,1,3,3,1,2,17.8,0,0,1,0,no,,,,,,,,,,,,0.97782989563832,0.022170104361679974
"Trainings
Daten",57,1,3,2,1,2,93.2,0,0,1,0,no,,,,,,,,,,,,0.9840445049701408,0.015955495029859188
"Trainings
Daten",68,1,3,3,2,2,60.8,0,0,1,0,no,,,,,,,,,,,,0.9739028930774377,0.026097106922562292
"Trainings
Daten",80,2,3,3,2,2,223.3,0,0,1,0,no,,,,,,,,,,,,0.9662064980608474,0.0337935019391526
"Trainings
Daten",62,1,3,2,2,2,135.6,0,0,1,0,no,,,,,,,,,,,,0.9810441563230828,0.01895584367691718
"Trainings
Daten",69,1,3,3,1,2,61.9,0,0,1,0,no,,,,,,,,,,,,0.9779237717308253,0.022076228269174707
"Trainings
Daten",51,1,3,3,3,2,256.1,0,0,1,0,no,,,,,,,,,,,,0.9693530793639547,0.030646920636045294
"Trainings
Daten",73,1,3,2,1,2,11,0,0,1,0,no,,,,,,,,,,,,0.9839237749878081,0.0160762250121919
"Trainings
Daten",76,2,3,3,1,2,30.4,0,0,1,0,no,,,,,,,,,,,,0.9715305120728271,0.02846948792717284
"Trainings
Daten",57,2,3,3,2,2,154.2,0,0,1,0,no,,,,,,,,,,,,0.9666493472507542,0.03335065274924578
"Trainings
Daten",73,3,3,2,2,2,40.2,0,0,1,0,no,,,,,,,,,,,,0.9685327122447507,0.03146728775524926
"Trainings
Daten",53,3,2,3,3,2,18.5,0,0,1,0,no,,,,,,,,,,,,0.9458914092968947,0.05410859070310529
"Trainings
Daten",63,2,3,2,1,2,256.4,0,0,1,0,no,,,,,,,,,,,,0.9793421722078758,0.02065782779212424
"Trainings
Daten",75,1,3,2,2,2,247.1,0,1,0,0,no,,,,,,,,,,,,0.895823228417671,0.10417677158232894
"Trainings
Daten",69,1,3,2,1,2,101.3,1,0,0,0,no,,,,,,,,,,,,0.9745571547908891,0.02544284520911086
"Trainings
Daten",55,1,3,3,2,2,102.3,0,0,1,0,no,,,,,,,,,,,,0.9740696240515234,0.025930375948476546
"Trainings
Daten",80,2,3,3,3,2,74,0,0,1,0,no,,,,,,,,,,,,0.9601972048961426,0.0398027951038574
"Trainings
Daten",72,1,3,2,1,2,107,0,0,1,0,no,,,,,,,,,,,,0.9839111054337593,0.01608889456624072
"Trainings
Daten",35,1,3,2,2,2,84.9,0,1,0,0,no,,,,,,,,,,,,0.8980720244414053,0.10192797555859462
"Trainings
Daten",80,1,2,2,1,2,364.9,1,0,0,0,no,,,,,,,,,,,,0.9722268919270853,0.027773108072914682
"Trainings
Daten",75,2,2,2,1,2,23.5,0,0,1,1,no,,,,,,,,,,,,0.9017523343833551,0.09824766561664487
"Trainings
Daten",51,1,2,3,3,2,5.4,0,1,0,0,no,,,,,,,,,,,,0.8307929472746544,0.1692070527253456
"Trainings
Daten",45,2,2,3,1,2,21.6,0,1,0,0,no,,,,,,,,,,,,0.8430209982863182,0.1569790017136818
"Trainings
Daten",77,1,2,1,1,2,140.2,1,0,0,0,no,,,,,,,,,,,,0.9798679150859022,0.02013208491409779
"Trainings
Daten",64,1,2,3,1,2,23.2,1,0,0,0,no,,,,,,,,,,,,0.9624708737048857,0.037529126295114235
"Trainings
Daten",76,3,2,3,2,2,36.9,0,0,1,0,no,,,,,,,,,,,,0.9534788034667739,0.04652119653322602
"Trainings
Daten",85,3,2,3,2,2,34.8,0,0,1,0,no,,,,,,,,,,,,0.9532596001463577,0.046740399853642305
"Trainings
Daten",60,2,2,3,2,2,,0,1,0,0,no,,,,,,,,,,,,0.8065408674601188,0.19345913253988123
"Trainings
Daten",70,3,2,3,3,2,80,0,0,1,0,no,,,,,,,,,,,,0.9453651496497726,0.05463485035022744
"Trainings
Daten",65,3,2,3,1,2,43.2,0,0,1,0,no,,,,,,,,,,,,0.9607662161663081,0.03923378383369193
"Trainings
Daten",54,2,2,3,2,2,95.7,0,0,1,0,no,,,,,,,,,,,,0.9640489064199954,0.03595109358000455
"Trainings
Daten",70,1,2,2,3,2,162.8,0,1,0,0,no,,,,,,,,,,,,0.8702683734260676,0.12973162657393247
"Trainings
Daten",65,1,3,3,2,2,72.1,0,1,0,0,no,,,,,,,,,,,,0.8623402864827929,0.13765971351720707
"Trainings
Daten",65,3,3,3,1,2,45.3,0,1,0,1,no,,,,,,,,,,,,0.4834932988612284,0.5165067011387716
"Trainings
Daten",77,1,2,3,1,2,124.3,1,0,0,0,no,,,,,,,,,,,,0.9621594143473362,0.03784058565266377
"Trainings
Daten",46,1,3,2,1,2,6.3,0,0,1,0,no,,,,,,,,,,,,0.9841585039045552,0.01584149609544488
"Trainings
Daten",57,2,3,3,3,2,16.8,0,0,1,0,no,,,,,,,,,,,,0.9607092767684888,0.03929072323151114
"Trainings
Daten",53,1,3,2,1,2,,1,0,0,0,no,,,,,,,,,,,,0.9729481333339095,0.027051866666090447
"Trainings
Daten",37,1,2,2,2,2,10.4,0,0,1,0,no,,,,,,,,,,,,0.9798025309178041,0.020197469082195874
"Trainings
Daten",78,1,3,2,2,2,100.6,0,0,1,0,no,,,,,,,,,,,,0.9808887089520987,0.019111291047901283
"Trainings
Daten",41,1,2,3,3,2,15.9,0,0,1,0,no,,,,,,,,,,,,0.9671606588335088,0.03283934116649119
"Trainings
Daten",73,2,2,1,1,2,63.9,0,0,1,0,no,,,,,,,,,,,,0.983705473417292,0.016294526582708007
"Trainings
Daten",54,1,2,3,3,2,212.5,1,0,0,0,no,,,,,,,,,,,,0.9480050228714246,0.051994977128575356
"Trainings
Daten",64,2,2,3,2,2,172.2,0,0,1,0,no,,,,,,,,,,,,0.9638198517037584,0.036180148296241645
"Trainings
Daten",76,2,2,1,2,2,4.2,0,0,1,0,no,,,,,,,,,,,,0.9806907828672744,0.019309217132725646
"Trainings
Daten",59,1,1,1,1,2,6.6,0,0,1,0,no,,,,,,,,,,,,0.9864301643386258,0.01356983566137418
"Trainings
Daten",65,1,2,2,2,2,3.8,0,0,1,0,no,,,,,,,,,,,,0.9794967305988802,0.02050326940111983
"Trainings
Daten",66,2,3,2,1,2,27.5,0,0,1,0,no,,,,,,,,,,,,0.9793739064790098,0.020626093520990166
"Trainings
Daten",66,2,3,2,2,2,65.5,0,0,1,0,no,,,,,,,,,,,,0.975584333642046,0.024415666357954006
"Trainings
Daten",76,2,2,2,1,2,12.7,0,0,1,0,no,,,,,,,,,,,,0.9775728453844214,0.022427154615578607
"Trainings
Daten",60,1,3,2,1,2,13.4,0,0,1,0,no,,,,,,,,,,,,0.9840361852068317,0.01596381479316828
"Trainings
Daten",80,1,3,3,3,2,12.3,0,0,1,0,no,,,,,,,,,,,,0.9689780357717254,0.03102196422827463
"Trainings
Daten",56,3,2,3,3,2,,0,0,1,0,no,,,,,,,,,,,,0.9419432053238942,0.05805679467610583
"Trainings
Daten",76,2,1,2,1,2,,1,0,0,0,no,,,,,,,,,,,,0.9589841500181981,0.041015849981801834
"Trainings
Daten",59,1,2,3,3,2,101.2,1,0,0,0,no,,,,,,,,,,,,0.9479464092805454,0.05205359071945454
"Trainings
Daten",47,1,3,3,3,2,42.9,0,0,1,0,no,,,,,,,,,,,,0.9695073818176242,0.03049261818237581
"Trainings
Daten",62,1,3,2,1,2,1.9,0,0,1,0,no,,,,,,,,,,,,0.9840214063819214,0.015978593618078647
"Trainings
Daten",43,1,3,3,3,2,166,0,0,1,0,no,,,,,,,,,,,,0.9695213081793954,0.03047869182060461
"Trainings
Daten",73,1,3,2,1,2,27.7,0,0,1,0,no,,,,,,,,,,,,0.9839200548860436,0.01607994511395643
"Trainings
Daten",71,2,3,3,1,2,15.8,0,0,1,1,no,,,,,,,,,,,,0.8781097042639876,0.12189029573601237
"Trainings
Daten",63,1,1,3,1,2,3.6,0,0,1,0,no,,,,,,,,,,,,0.974283058012195,0.025716941987805088
"Trainings
Daten",83,3,2,3,1,2,67.4,0,0,1,1,no,,,,,,,,,,,,0.8361121620137975,0.16388783798620252
"Trainings
Daten",66,2,3,2,2,2,15.1,0,0,1,0,no,,,,,,,,,,,,0.9756012326322334,0.024398767367766527
"Trainings
Daten",68,1,3,2,2,2,3,1,0,0,0,no,,,,,,,,,,,,0.9699818190629875,0.030018180937012508
"Trainings
Daten",71,3,2,3,3,2,108.7,1,0,0,1,no,,,,,,,,,,,,0.6946610633093897,0.30533893669061024
"Trainings
Daten",80,3,3,2,3,2,11.3,0,0,1,0,no,,,,,,,,,,,,0.9627224114134184,0.03727758858658156
"Trainings
Daten",65,3,2,3,3,1,67,0,0,1,0,no,,,,,,,,,,,,0.8970924843530492,0.10290751564695079
"Trainings
Daten",76,2,3,3,4,2,112.9,0,0,1,0,no,,,,,,,,,,,,0.9531512171141494,0.046848782885850634
"Trainings
Daten",58,1,2,3,1,2,,1,0,0,0,no,,,,,,,,,,,,0.9598749200314177,0.04012507996858232
"Trainings
Daten",69,1,2,2,2,2,39.8,0,0,1,0,no,,,,,,,,,,,,0.9794422046081984,0.02055779539180153
"Trainings
Daten",72,2,2,3,3,2,87.3,0,0,1,0,no,,,,,,,,,,,,0.9571875460494245,0.042812453950575535
"Trainings
Daten",81,2,3,2,1,2,19.8,0,0,1,0,no,,,,,,,,,,,,0.9792084472838825,0.020791552716117597
"Trainings
Daten",80,2,3,2,1,1,47.3,1,0,0,0,no,,,,,,,,,,,,0.9366871155424767,0.06331288445752327
"Trainings
Daten",31,1,3,3,3,2,3.1,0,0,1,0,no,,,,,,,,,,,,0.9697834281144627,0.030216571885537252
"Trainings
Daten",62,3,3,2,1,2,5.7,0,0,1,0,no,,,,,,,,,,,,0.9735422475428904,0.02645775245710961
"Trainings
Daten",65,2,3,2,1,2,173.7,0,0,1,0,no,,,,,,,,,,,,0.979343431137611,0.020656568862388945
"Trainings
Daten",73,1,2,3,2,2,60.4,0,1,0,0,no,,,,,,,,,,,,0.8519991591751622,0.1480008408248378
"Trainings
Daten",61,3,2,3,1,2,15.9,0,0,1,0,no,,,,,,,,,,,,0.9608636913212903,0.03913630867870964
"Trainings
Daten",74,2,2,3,1,2,56.2,1,0,0,0,no,,,,,,,,,,,,0.9517053276286039,0.04829467237139605
"Trainings
Daten",75,3,3,3,1,2,168.9,0,0,1,0,no,,,,,,,,,,,,0.9634262278398792,0.03657377216012076
"Trainings
Daten",79,1,2,3,2,1,,0,0,1,0,no,,,,,,,,,,,,0.9411604323697931,0.05883956763020697
"Trainings
Daten",66,1,3,3,2,2,55.9,0,1,0,0,no,,,,,,,,,,,,0.8623019351949015,0.13769806480509847
"Trainings
Daten",67,3,3,3,1,2,72.1,1,0,0,1,no,,,,,,,,,,,,0.7771257400580895,0.22287425994191043
"Trainings
Daten",78,1,2,3,1,2,45.3,1,0,0,0,no,,,,,,,,,,,,0.962179844378128,0.03782015562187203
"Trainings
Daten",67,2,3,3,2,2,56.9,1,0,0,0,no,,,,,,,,,,,,0.94750059304236,0.052499406957639994
"Trainings
Daten",36,1,1,3,1,2,0.3,0,0,1,0,no,,,,,,,,,,,,0.9746544380527379,0.02534556194726216
"Trainings
Daten",55,3,2,3,2,2,16.6,0,0,1,0,no,,,,,,,,,,,,0.9540020549984525,0.04599794500154752
"Trainings
Daten",66,1,3,1,1,2,16.1,0,0,1,0,no,,,,,,,,,,,,0.9883733156822025,0.011626684317797412
"Trainings
Daten",64,3,3,3,2,2,287.2,0,1,0,0,no,,,,,,,,,,,,0.7887546757227816,0.2112453242772184
"Trainings
Daten",53,1,2,3,2,2,8.4,0,0,1,0,no,,,,,,,,,,,,0.9720295898112317,0.02797041018876836
"Trainings
Daten",58,1,3,3,3,2,264.8,1,0,0,0,no,,,,,,,,,,,,0.9516865059873875,0.04831349401261255
"Trainings
Daten",48,1,3,3,4,2,164.6,0,1,0,0,no,,,,,,,,,,,,0.8174122199290625,0.18258778007093748
"Trainings
Daten",76,3,3,2,2,2,6.6,0,0,1,0,no,,,,,,,,,,,,0.968496719877921,0.03150328012207906
"Trainings
Daten",56,1,3,3,3,2,448.6,0,0,1,0,no,,,,,,,,,,,,0.9691902681293989,0.030809731870601063
"Trainings
Daten",36,1,2,2,3,2,53.9,0,0,1,0,no,,,,,,,,,,,,0.9761008384108478,0.023899161589152146
"Trainings
Daten",71,2,3,2,2,2,133.1,0,0,1,0,no,,,,,,,,,,,,0.9754958635312156,0.02450413646878434
"Trainings
Daten",65,3,2,3,1,2,,0,0,1,0,no,,,,,,,,,,,,0.9579357531827614,0.04206424681723859
"Trainings
Daten",78,1,2,3,2,2,63.6,1,0,0,0,no,,,,,,,,,,,,0.9553870204316048,0.044612979568395154
"Trainings
Daten",73,2,2,3,3,2,106.4,0,0,1,0,yes,,,,,,,,,,,,0.9571539260708967,0.042846073929103355
"Trainings
Daten",60,2,2,3,3,2,91.4,0,1,0,1,yes,,,,,,,,,,,,0.4425693480049405,0.5574306519950595
"Trainings
Daten",66,2,2,3,3,2,108.6,0,1,0,0,yes,,,,,,,,,,,,0.7898565508142921,0.21014344918570796
"Trainings
Daten",64,3,3,2,2,2,263,0,1,0,0,yes,,,,,,,,,,,,0.8378803202499444,0.16211967975005562
"Trainings
Daten",66,1,2,3,3,2,3.4,0,1,0,0,yes,,,,,,,,,,,,0.8296315748026946,0.17036842519730538
"Trainings
Daten",76,3,3,3,2,2,103.9,0,1,0,0,yes,,,,,,,,,,,,0.7880819669917023,0.21191803300829773
"Trainings
Daten",67,3,2,3,1,2,149.4,0,1,0,1,yes,,,,,,,,,,,,0.46285055814590537,0.5371494418540946
"Trainings
Daten",82,2,2,3,2,1,47.1,1,0,0,0,yes,,,,,,,,,,,,0.8924614103336972,0.10753858966630277
"Trainings
Daten",72,3,3,3,2,2,16.8,0,1,0,0,yes,,,,,,,,,,,,0.7886544202176377,0.21134557978236235
"Trainings
Daten",68,3,2,3,3,2,72.7,0,1,0,0,yes,,,,,,,,,,,,0.7438332109515841,0.25616678904841594
"Trainings
Daten",66,1,3,3,3,2,256.4,0,1,0,0,yes,,,,,,,,,,,,0.8401989341528765,0.15980106584712353
"Trainings
Daten",65,3,3,3,4,2,320.5,0,0,1,0,yes,,,,,,,,,,,,0.9403922669150762,0.05960773308492382
"Trainings
Daten",52,1,2,3,3,2,201.8,0,0,1,0,yes,,,,,,,,,,,,0.9668838423196044,0.03311615768039561
"Trainings
Daten",58,3,2,3,1,2,22.8,1,0,0,1,yes,,,,,,,,,,,,0.7639386590122934,0.2360613409877066
"Trainings
Daten",58,3,2,3,2,2,81.1,0,1,0,0,yes,,,,,,,,,,,,0.7761537350229111,0.22384626497708895
"Trainings
Daten",77,3,2,3,3,2,160,0,0,1,0,yes,,,,,,,,,,,,0.945107126413429,0.054892873586571
"Trainings
Daten",80,3,3,3,1,2,110.9,0,0,1,1,yes,,,,,,,,,,,,0.846949681709807,0.15305031829019305
"Trainings
Daten",88,2,2,2,2,2,84.8,0,0,1,1,yes,,,,,,,,,,,,0.8846080908091338,0.11539190919086617
"Trainings
Daten",95,2,3,3,2,2,39,0,0,1,0,yes,,,,,,,,,,,,0.9660208071816181,0.03397919281838195
"Trainings
Daten",68,2,3,3,2,2,256.8,0,0,1,0,yes,,,,,,,,,,,,0.9664064719997505,0.03359352800024955
"Neue
Patientendaten",75,2,3,3,2,1,106,0,0,1,0,Neuer Patient,1,männlich,1942,2017-04-11T00:00:00Z,22,Vorfuß,Chop. Amputation,,,,7e2a27075653ff492cc307896d92b228d8ad96aa,0.935172840042695,0.06482715995730505
"Neue
Patientendaten",69,1,3,3,3,2,129.4,0,0,1,0,Neuer Patient,2,männlich,1948,2017-06-06T00:00:00Z,15,Vorfuß,Wunddebridement,,,,99795017ece0274e9485ef28986c15787566c27e,0.9691104357030017,0.030889564296998344
"Neue
Patientendaten",80,3,3,3,2,2,9.5,0,0,1,1,Neuer Patient,3,weiblich,1937,2017-05-16T00:00:00Z,30,Vorfuß,Chop. Amputation,,,,a08e5188a5b2a59d039f5fa5d93afe664074184c,0.8235072490220607,0.1764927509779392
"Neue
Patientendaten",80,3,3,3,1,2,110.9,0,0,1,1,Neuer Patient,4,männlich,1937,2017-06-20T00:00:00Z,49,Vorfuß,Pirogoff- Amputation / US- Amputation,,,,3897133f741844597bca1301e5a791bdd8d1afbd,0.846949681709807,0.15305031829019305
"Neue
Patientendaten",53,1,2,2,2,2,3.5,0,0,1,0,Neuer Patient,5,männlich,1964,2017-06-22T00:00:00Z,9,Vorfuß,Wunddebridement,,,,6b14408b8b76f7dcb93242ca000bcbce619f003b,0.9796292182194705,0.020370781780529545
"Neue
Patientendaten",82,2,3,3,2,2,183.8,0,0,1,1,Neuer Patient,6,männlich,1935,2017-06-23T00:00:00Z,23,Vorfuß,Vorfußamputation,,,gestorben,826df51b453730858b83bbea21fe0df622728c65,0.8574429017675279,0.1425570982324721
"Neue
Patientendaten",63,1,2,2,1,2,12.9,0,0,1,0,Neuer Patient,7,männlich,1954,2017-07-04T00:00:00Z,8,Vorfuß,Tenotomie und Achillessehnenverlängerung,,,,a84c53f5783af8cb246a7ac5a0a6db6db0837aa5,0.9826972992907663,0.017302700709233686
"Neue
Patientendaten",88,2,3,2,2,2,84.8,0,0,1,0,Neuer Patient,8,männlich,1929,2017-06-09T00:00:00Z,28,Vorfuß,Pirogoff- Amputation / US- Amputation / OS- Amputation,,,,15c9db3f154c6d0bc0bf240d070f1817e8e16a4f,0.9752872947230506,0.0247127052769494
"Neue
Patientendaten",70,1,3,3,1,2,2,0,1,0,0,Neuer Patient,9,weiblich,1947,2017-08-03T00:00:00Z,11,Fuß,Knochenresektion und Wunddebridement,,,,52e5f772b00e2e1cd3f85ce470088c09a8a10c9a,0.8813321713903959,0.11866782860960409
"Neue
Patientendaten",49,1,3,2,3,2,329,0,0,1,0,Neuer Patient,10,männlich,1968,2017-07-12T00:00:00Z,18,Vorfuß,MFK V Resektion und Wunddebridement,,,,5829b7ea78766e69794efbd27ef9d305d702a93a,0.9776633589370364,0.022336641062963628
"Neue
Patientendaten",81,1,3,2,3,2,108.6,0,0,1,0,Neuer Patient,11,männlich,1936,2017-07-24T00:00:00Z,20,Vorfuß,Pirogoff- Amputation,,,,deeeb874928da58aa9b377ba0fd6bc544420a4d9,0.9773437738827911,0.02265622611720882
"Neue
Patientendaten",96,2,3,3,2,2,39,0,0,1,0,Neuer Patient,12,weiblich,1921,2017-08-07T00:00:00Z,39,Vorfuß,US- Amputation,,,gestorben,56e344d5995a7777c36a1992ba916a8223d9ee95,0.9660027113195904,0.033997288680409576
"Neue
Patientendaten",54,1,2,2,1,2,1.4,0,0,1,0,Neuer Patient,13,weiblich,1963,2017-08-14T00:00:00Z,8,Vorfuß,Tenotomie,,,,2f57e0061227a11721c065227c47f6d49769a5e8,0.9827841798130315,0.017215820186968576
"Neue
Patientendaten",57,2,3,3,2,2,10.1,0,0,1,0,Neuer Patient,14,männlich,1960,2017-08-14T00:00:00Z,17,Vorfuß,Druckentlastung,,,,9f4665a06029065e040efba3b38f6f5a2f7d5926,0.9667147008475875,0.03328529915241253
"Neue
Patientendaten",47,1,3,2,2,2,52.2,0,1,0,1,Neuer Patient,15,männlich,1970,2017-08-15T00:00:00Z,17,Fuß,Wunddebridement,,,,2aa203dd608a3c17623d98208c3dfe28d27332af,0.6482782297756551,0.351721770224345
"Neue
Patientendaten",61,2,3,3,1,2,32.9,0,0,1,0,Neuer Patient,16,männlich,1956,2017-08-17T00:00:00Z,20,Vorfuß,Amputation DV,,,,cc0d888c01e0b0562e3b6aa24c3f4fab7785b935,0.971757319533841,0.028242680466158968
"Neue
Patientendaten",84,2,3,2,1,2,18.4,0,0,1,0,Neuer Patient,17,weiblich,1933,2017-08-28T00:00:00Z,13,Vorfuß,Amputation DI,,,,6d29578c098512fdab1b214c805d8a8f910830e1,0.9791751596907551,0.020824840309244943
"Neue
Patientendaten",65,1,3,3,2,2,277.3,0,0,1,0,Neuer Patient,18,männlich,1952,2017-09-07T00:00:00Z,12,Vorfuß,Wunddebridement,,,,dffd44bd02722674a48309ca1474d163554c968b,0.9738674101146337,0.026132589885366275
"Neue
Patientendaten",79,2,3,2,1,2,22.5,0,0,1,0,Neuer Patient,19,männlich,1938,2017-09-08T00:00:00Z,13,Vorfuß,Amputation DIII und Wunddebridement,,,,3adff4349172871f4d74e3b882e699b0d0fb0441,0.9792301041190601,0.020769895880939918
"Neue
Patientendaten",41,1,3,3,3,2,124.7,0,0,1,0,Neuer Patient,20,weiblich,1976,2017-09-15T00:00:00Z,13,Vorfuß,MFK IV Resektion,,,,8cb7f34c97a43571994d2071da843e24c2f601f4,0.9695710263227579,0.03042897367724203
"Neue
Patientendaten",67,2,3,3,2,2,8,0,0,1,0,Neuer Patient,21,männlich,1950,2017-09-19T00:00:00Z,15,Vorfuß,Wunddebridement,,,,c582121d9b6b9c0d56a73bb9782961ef6993aa32,0.9665378553330409,0.03346214466695908
"Neue
Patientendaten",60,2,3,3,3,2,213.9,0,0,1,0,Neuer Patient,22,männlich,1957,2017-09-18T00:00:00Z,20,Vorfuß,Amputation DI - DV,,,,01e69939e62c739f97e1ce97b3bf19aed9c5ddda,0.9605417587642883,0.039458241235711705
"Neue
Patientendaten",72,2,3,2,2,2,113.5,0,0,1,0,Neuer Patient,23,männlich,1945,2017-09-16T00:00:00Z,14,Vorfuß,Wunddebridement,,,,65a3973cd7c947cec01155b5b41d6cd303b33a71,0.975489285475244,0.024510714524755943
